OL_ACT_DELTA points=149 episodes=6 noise_seeds=5 k_mean=15.93 k_range=0..34 mask_rms_norm=0.1006 swap_rms_norm=0.06477 noise_rms_norm=0.01019 mask/noise=9.877 swap/noise=6.358 mask/noise_median=7.523 swap/noise_median=4.344 mask_unnorm/act_std=0.7262 swap_unnorm/act_std=0.4267 act_std_mean=0.2047 by_k=[k=0:n=4,mask/noise=0.000,swap/noise=0.000, 1-4:n=11,mask/noise=2.409,swap/noise=2.255, 5-12:n=39,mask/noise=9.476,swap/noise=6.253, >12:n=95,mask/noise=11.107,swap/noise=7.013] by_task=[ButtonUnmask:n=29,mask/noise=8.729,swap/noise=2.690, VideoUnmask:n=21,mask/noise=10.574,swap/noise=7.635, ButtonUnmaskSwap:n=35,mask/noise=8.487,swap/noise=6.462, VideoUnmaskSwap:n=64,mask/noise=11.016,swap/noise=7.862] by_phase=[cold:n=12,mask/noise=3.374,swap/noise=1.017, steady:n=137,mask/noise=10.270,swap/noise=6.680]
OL_DONOR_COVER windows=11865 exact=9342/11865 fallback=2523/11865 cycle=0/11865 cross_seg=0/11865 bank_sha=6e70604da518c156
OL_ZEROK_NULL=PASS zerok_points=4 mask_bitexact=4/4 swap_bitexact=4/4 note=k=0 的点没有有效 motion 槽，屏蔽/替换必须逐位无影响
LAYER_ATTN points=24 layers=18 heads=8 U_step_mean=0.0125 share=[6.012e-07,5.821e-07,5.451e-05,0.0007742,0.0009946,0.001043,0.001719,0.002668,0.002265,0.001705,0.006597,0.003507,0.005972,0.004203,0.003086,0.04935,0.01879,0.003092] enrich=[2.75e-05,8.51e-05,0.00626,0.0923,0.0896,0.117,0.146,0.293,0.194,0.146,0.437,0.243,0.516,0.442,0.256,6.17,4.07,0.176] prefill_frame_enrich=[36.5,33.7,11.3,12.6,7.92,7.84,22.6,6.39,13,12.1,12.9,16,16.2,11.9,23.1,13.7,4.98,9.16] prefill_txt_enrich=[3.96,39.4,4.72,5.39,6.88,1.1,1.78,0.144,0.194,0.0485,0.283,0.621,0.843,0.389,1.14,1.97,0.531,0.661] head_max_share=[3.661e-06,2.565e-06,0.0002144,0.003074,0.002364,0.00413,0.006273,0.008815,0.006696,0.00472,0.03882,0.0158,0.02435,0.02068,0.0101,0.3069,0.08439,0.01249] top3_enrich_layers=[15, 16, 12] by_phase=[cold:[6.54e-06,0.000226,0.00476,0.182,0.0967,0.156,0.161,0.31,0.211,0.17,0.17,0.225,0.628,1.07,0.238,5.15,15.9,0.0729], steady:[3.44e-05,3.82e-05,0.00677,0.0624,0.0872,0.104,0.141,0.288,0.189,0.138,0.526,0.249,0.479,0.231,0.262,6.51,0.115,0.211]]
LAYER_ACT_DELTA scope=step_only points=24 rms_by_layer=[0.0002901,0.0003278,0.0003245,0.0003203,0.0003226,0.0003301,0.0003283,0.0003279,0.0003206,0.0003231,0.000363,0.0003214,0.0003491,0.0003438,0.0003311,0.001046,0.00284,0.000331] over_noise=[0.0259,0.0292,0.0289,0.0286,0.0288,0.0294,0.0293,0.0292,0.0286,0.0288,0.0324,0.0287,0.0311,0.0307,0.0295,0.0933,0.253,0.0295] noise_layered=0.01121 top3_layers=[16, 15, 10]
LAYER_ACT_DELTA scope=both points=24 rms_by_layer=[0.01345,0.03279,0.000413,0.0004532,0.0007444,0.00033,0.0004051,0.0003254,0.0003362,0.0003551,0.0003676,0.0003515,0.0003687,0.0003778,0.0006631,0.001171,0.002918,0.000331] over_noise=[1.2,2.92,0.0368,0.0404,0.0664,0.0294,0.0361,0.029,0.03,0.0317,0.0328,0.0314,0.0329,0.0337,0.0591,0.104,0.26,0.0295] noise_layered=0.01121 top3_layers=[1, 0, 16]
LAYER_ACT_DELTA scope=kv_vzero points=24 rms_by_layer=[0.0002874,0.0003291,0.0003237,0.0003278,0.0003205,0.0003243,0.0003279,0.0003239,0.0003216,0.000321,0.0003755,0.0003266,0.0003476,0.0003361,0.0003263,0.001185,0.001998,0.0003327] over_noise=[0.0256,0.0294,0.0289,0.0292,0.0286,0.0289,0.0292,0.0289,0.0287,0.0286,0.0335,0.0291,0.031,0.03,0.0291,0.106,0.178,0.0297] noise_layered=0.01121 top3_layers=[16, 15, 10]
LAYER_ACT_DELTA scope=kv_donor points=24 rms_by_layer=[0.0003256,0.0003274,0.0003249,0.0003236,0.0003205,0.0003264,0.0003192,0.0003262,0.0003229,0.0003232,0.003626,0.0003265,0.0003618,0.0003822,0.00035,0.0005869,0.0007503,0.0003249] over_noise=[0.029,0.0292,0.029,0.0289,0.0286,0.0291,0.0285,0.0291,0.0288,0.0288,0.323,0.0291,0.0323,0.0341,0.0312,0.0523,0.0669,0.029] noise_layered=0.01121 top3_layers=[10, 16, 15]
LAYER_ALLMASK_VS_STAGE0 points=24 allmask_layered_rms=0.08423 stage0_mask_rms=0.07761 ratio=1.085 swapkv_layered_rms=0.05427 note=展开路径与 scan 路径 bf16 不逐位（见 adapter selftest），此处只核量级一致
LAYER_GRAD t=0.1 points=24 loss_mean=0.001701 gnorm_motion=[0.000305,2.653e-06,1.278e-06,1.2e-06,1.158e-06,1.135e-06,1.121e-06,1.093e-06,1.089e-06,1.072e-06,1.062e-06,1.045e-06,1.035e-06,1e-06,9.798e-07,8.342e-07,2.871e-07,6.793e-09] gnorm_frame=[1.415e-05,2.851e-06,2.141e-06,2.033e-06,1.964e-06,1.92e-06,1.868e-06,1.841e-06,1.821e-06,1.804e-06,1.796e-06,1.79e-06,1.778e-06,1.368e-06,1.344e-06,9.807e-07,9.315e-08,8.625e-09] gnorm_img=[0.0003237,4.811e-05,3.505e-05,3.054e-05,2.628e-05,2.377e-05,2.153e-05,1.994e-05,1.84e-05,1.648e-05,1.499e-05,1.247e-05,1.161e-05,9.522e-06,8.258e-06,2.401e-06,1.85e-06,6.498e-07] gnorm_txt=[0.0001756,1.467e-05,1.076e-05,1.011e-05,9.59e-06,9.369e-06,9.319e-06,8.666e-06,8.372e-06,8.176e-06,7.592e-06,6.675e-06,5.065e-06,4.064e-06,2.834e-06,2.36e-06,1.915e-06,1.82e-06] per_token_motion_over_frame=[137,6.25,4.12,4.08,4.07,4.09,4.15,4.1,4.12,4.09,4.07,4.02,4.02,4.87,4.86,5.54,23.4,3.32] g_motion_emb_valid_rms=8.711e-06 g_motion_pos_valid_rms=7.096e-06 pad_zero=PASS
LAYER_GRAD_PAD_ZERO t=0.1 PASS
LAYER_GRAD t=0.5 points=24 loss_mean=0.0002914 gnorm_motion=[0.0001007,9.337e-07,3.366e-07,3.158e-07,3.023e-07,2.91e-07,2.868e-07,2.823e-07,2.814e-07,2.784e-07,2.767e-07,2.742e-07,2.702e-07,2.601e-07,2.547e-07,1.994e-07,3.391e-08,1.305e-09] gnorm_frame=[5.452e-06,9.732e-07,7.343e-07,6.965e-07,6.763e-07,6.639e-07,6.485e-07,6.419e-07,6.347e-07,6.314e-07,6.321e-07,6.32e-07,6.257e-07,3.635e-07,3.557e-07,2.863e-07,1.047e-08,1.477e-09] gnorm_img=[0.0002135,3.159e-05,1.875e-05,1.548e-05,1.227e-05,1.021e-05,8.307e-06,7.27e-06,6.71e-06,5.409e-06,4.612e-06,3.447e-06,3.252e-06,2.536e-06,2.074e-06,4.292e-07,3.279e-07,1.173e-07] gnorm_txt=[1.803e-05,4.452e-06,2.622e-06,2.477e-06,2.357e-06,2.178e-06,2.096e-06,1.887e-06,1.785e-06,1.635e-06,1.467e-06,1.294e-06,1.11e-06,8.56e-07,5.745e-07,4.6e-07,2.799e-07,2.689e-07] per_token_motion_over_frame=[105,5.67,2.88,2.86,2.82,2.79,2.82,2.79,2.81,2.79,2.77,2.75,2.74,4.47,4.47,4.4,23.1,3.78] g_motion_emb_valid_rms=2.2e-06 g_motion_pos_valid_rms=2e-06 pad_zero=PASS
LAYER_GRAD_PAD_ZERO t=0.5 PASS
LAYER_GRAD t=0.9 points=24 loss_mean=0.0003735 gnorm_motion=[0.0001095,9.001e-07,3.432e-07,3.234e-07,3.073e-07,3.004e-07,2.959e-07,2.925e-07,2.918e-07,2.898e-07,2.889e-07,2.837e-07,2.773e-07,2.623e-07,2.59e-07,2.198e-07,1.498e-08,9.959e-10] gnorm_frame=[8.166e-06,1.309e-06,9.924e-07,9.379e-07,9.157e-07,9.012e-07,8.816e-07,8.794e-07,8.737e-07,8.771e-07,8.804e-07,8.859e-07,8.769e-07,2.575e-07,2.524e-07,2.15e-07,4.926e-09,1.759e-09] gnorm_img=[0.0002319,3.429e-05,2.092e-05,1.732e-05,1.347e-05,1.113e-05,9.055e-06,7.728e-06,7.047e-06,5.659e-06,4.732e-06,3.524e-06,3.275e-06,2.549e-06,1.985e-06,3.655e-07,2.225e-07,9.138e-08] gnorm_txt=[1.224e-05,3.763e-06,2.316e-06,2.137e-06,2.022e-06,1.894e-06,1.843e-06,1.633e-06,1.545e-06,1.381e-06,1.238e-06,1.054e-06,8.853e-07,6.617e-07,4.252e-07,3.354e-07,1.962e-07,1.904e-07] per_token_motion_over_frame=[68.5,3.78,1.93,1.93,1.88,1.87,1.89,1.87,1.87,1.85,1.84,1.8,1.78,5.67,5.7,5.67,20,2.74] g_motion_emb_valid_rms=2.078e-06 g_motion_pos_valid_rms=1.857e-06 pad_zero=PASS
LAYER_GRAD_PAD_ZERO t=0.9 PASS
MV_OPEN_LOOP=PASS points=149 layer_points=24 stages=[0, 1] wall_s=993 blocking=4/4 observe=11
